26
6 43775 776.000000 43.000000 163.000000 44.000000 63.000000 240.000000 63.000000 354.000000 776.000000 337.000000 777.000000 337.000000 
5 5635925 64.000000 352.000000 63.000000 590.000000 778.000000 594.000000 776.000000 328.000000 775.000000 330.000000 
3 43520 121.000000 567.000000 79.000000 488.000000 83.000000 492.000000 
2 43520 117.000000 559.000000 101.000000 492.000000 
2 43520 123.000000 562.000000 127.000000 504.000000 
2 43520 122.000000 562.000000 145.000000 516.000000 
2 43520 125.000000 566.000000 195.000000 526.000000 
3 43520 491.000000 568.000000 468.000000 541.000000 490.000000 568.000000 
5 43520 492.000000 566.000000 493.000000 541.000000 492.000000 569.000000 491.000000 568.000000 509.000000 548.000000 
5 11141120 342.000000 116.000000 241.000000 235.000000 682.000000 235.000000 578.000000 117.000000 439.000000 117.000000 
5 170 297.000000 238.000000 296.000000 467.000000 599.000000 469.000000 581.000000 235.000000 296.000000 236.000000 
7 11184810 511.000000 468.000000 506.000000 370.000000 488.000000 350.000000 438.000000 349.000000 417.000000 368.000000 414.000000 469.000000 414.000000 469.000000 
4 65535 372.000000 265.000000 323.000000 267.000000 324.000000 340.000000 378.000000 342.000000 
4 65535 560.000000 261.000000 503.000000 261.000000 507.000000 338.000000 566.000000 341.000000 
2 5592405 350.000000 267.000000 352.000000 340.000000 
2 5592405 374.000000 287.000000 328.000000 287.000000 
2 5592405 377.000000 311.000000 331.000000 312.000000 
3 5592405 535.000000 260.000000 535.000000 337.000000 535.000000 322.000000 
2 5592405 562.000000 288.000000 502.000000 285.000000 
2 5592405 567.000000 319.000000 509.000000 312.000000 
5 11162880 648.000000 485.000000 689.000000 481.000000 685.000000 375.000000 647.000000 347.000000 648.000000 349.000000 
5 11162880 650.000000 348.000000 619.000000 338.000000 627.000000 325.000000 683.000000 373.000000 653.000000 353.000000 
8 11162880 684.000000 377.000000 712.000000 375.000000 713.000000 366.000000 679.000000 373.000000 685.000000 372.000000 676.000000 342.000000 649.000000 347.000000 655.000000 360.000000 
6 11162880 652.000000 344.000000 663.000000 314.000000 676.000000 317.000000 672.000000 345.000000 657.000000 354.000000 654.000000 363.000000 
20 43520 640.000000 315.000000 614.000000 356.000000 578.000000 337.000000 574.000000 294.000000 596.000000 258.000000 631.000000 246.000000 697.000000 240.000000 721.000000 245.000000 743.000000 262.000000 751.000000 284.000000 761.000000 293.000000 748.000000 331.000000 764.000000 352.000000 743.000000 385.000000 717.000000 379.000000 714.000000 380.000000 690.000000 351.000000 678.000000 321.000000 637.000000 330.000000 621.000000 342.000000 
10 16776960 652.266174 176.659180 680.815674 125.045746 647.691833 79.742859 696.282837 108.958748 714.281006 64.109032 708.143494 122.505737 753.039917 111.972122 714.497314 136.950104 729.795288 183.331390 696.084106 148.299271 
